54 57 61 65 110 131 138 148 171 
17 21 22 23 44 57 61 92 127 172 181 
58 61 108 160 174 
9 10 21 36 39 63 71 80 83 103 107 111 120 121 122 127 142 162 173 
10 30 33 71 73 75 83 106 107 108 114 122 127 150 154 175 180 
9 10 20 21 25 30 31 33 35 36 43 50 71 80 83 94 106 107 114 118 120 122 127 128 129 137 141 150 154 162 163 175 180 
156 175 
61 65 75 124 161 
1 37 43 61 65 80 108 115 
1 14 22 23 31 41 43 49 65 71 84 86 90 94 107 127 129 149 151 166 175 178 
65 
1 2 22 23 35 48 53 57 58 63 65 71 74 86 103 107 110 113 115 126 127 129 151 157 166 
14 53 171 
16 61 63 80 85 131 
14 127 131 138 168 177 
5 22 23 54 65 75 86 107 108 127 129 132 139 152 
115 
2 3 16 36 53 60 61 63 64 65 84 87 90 94 95 97 104 115 125 126 127 139 149 162 175 
34 122 126 137 
65 151 
48 54 58 61 85 99 108 115 139 141 151 160 166 174 175 
10 20 33 43 65 69 83 88 95 99 103 108 110 120 122 127 128 162 175 
22 23 31 34 43 48 49 61 65 86 124 127 129 136 160 
59 104 117 161 175 
5 29 48 50 59 61 65 73 84 106 120 
59 75 117 
1 37 
49 78 141 149 
43 54 65 94 136 174 178 
22 37 43 47 53 58 65 69 111 136 171 172 174 
59 97 108 115 
2 29 74 78 160 162 
2 16 23 30 53 54 60 65 108 110 131 138 168 171 174 177 
16 81 149 
14 17 22 43 60 64 67 84 92 94 110 115 123 127 130 141 
22 23 30 31 50 54 65 69 75 76 86 90 94 107 108 110 123 127 130 132 147 151 152 155 166 178 
43 49 63 73 75 80 83 95 120 121 122 127 139 163 174 176 
35 108 
9 10 14 15 20 30 34 49 69 71 83 95 103 107 108 115 121 122 126 129 152 157 172 175 176 
30 43 61 73 83 90 120 122 150 161 163 175 
30 65 106 114 122 148 154 173 180 
3 36 43 60 80 90 124 163 173 176 
65 97 113 
115 
54 65 75 108 160 161 
50 61 65 69 80 124 136 149 
16 71 115 
1 22 23 31 44 48 53 61 65 69 71 78 86 115 127 138 141 142 152 166 
23 31 53 61 63 71 78 86 132 136 152 175 
132 171 
5 22 23 53 57 71 73 78 94 107 127 138 148 151 157 178 180 
2 14 41 43 50 53 60 61 64 73 80 84 108 110 151 160 
3 16 30 39 60 71 80 124 127 131 138 143 166 172 174 175 
47 75 171 172 
49 136 138 160 
37 117 166 
155 
29 47 49 58 59 61 73 108 110 136 149 160 174 176 
59 61 75 103 111 
35 50 63 65 73 106 120 122 142 160 163 174 176 
16 22 23 31 53 54 75 81 86 108 110 130 136 147 162 
23 57 59 61 73 107 108 125 126 149 173 174 176 
16 19 36 37 43 53 60 61 63 65 95 132 148 171 172 175 
20 39 74 83 116 131 151 170 
29 36 38 39 41 43 54 65 81 107 117 127 132 149 160 166 
17 19 22 23 31 61 86 88 110 127 130 142 147 155 156 
2 17 21 22 23 30 31 43 58 65 71 80 86 117 127 129 130 132 147 152 178 
39 61 71 80 127 131 142 160 172 173 
1 3 21 34 43 47 73 80 106 122 127 160 162 172 175 180 
33 34 43 49 58 73 84 115 121 122 127 128 141 175 
34 35 58 73 83 106 151 160 161 
23 73 109 130 147 149 
3 20 73 127 163 
115 170 175 
58 71 108 
125 
2 14 23 30 43 65 94 141 155 162 
17 22 23 30 31 43 86 125 130 136 142 147 155 175 178 
1 148 
2 17 22 23 31 43 47 61 65 71 84 86 88 97 107 117 141 156 166 174 
30 63 65 108 111 
9 14 65 69 88 108 151 
53 54 80 81 105 168 171 177 
1 115 136 
36 43 63 78 87 104 107 108 110 115 125 126 127 138 149 173 
17 22 23 31 36 41 43 44 65 69 86 115 152 162 
2 21 22 23 31 36 48 65 69 75 76 86 115 123 124 127 129 130 140 141 151 152 155 174 
50 86 130 136 152 
22 23 31 43 57 61 65 67 92 115 130 147 155 175 178 
38 39 53 58 61 71 108 110 125 127 142 151 166 174 180 
15 36 65 73 88 104 107 115 122 127 148 156 161 174 
9 10 25 30 35 58 61 103 110 122 125 127 128 137 175 176 
9 14 15 30 31 35 58 61 65 94 104 108 111 120 122 137 148 156 176 
1 36 61 71 73 80 94 115 132 
142 160 
65 115 180 
14 21 34 65 90 107 115 139 142 160 173 
2 3 22 23 36 43 47 54 60 61 65 71 80 87 90 94 115 117 124 127 129 136 149 162 166 173 174 175 178 185 
10 15 21 33 34 43 44 70 71 73 83 88 114 122 127 128 129 137 149 150 160 162 163 175 179 
1 65 139 160 166 
2 3 20 30 36 61 71 75 80 108 118 127 136 142 166 
9 10 15 20 22 29 34 35 39 41 43 49 50 54 61 64 65 73 75 80 83 95 106 108 110 112 121 122 127 132 136 150 160 162 163 166 176 179 
1 29 49 53 54 59 63 80 108 148 172 175 
9 10 15 23 33 43 49 57 58 61 70 83 84 88 120 122 127 139 149 150 163 173 175 
21 22 23 36 64 71 86 107 115 123 127 130 152 160 178 
22 23 65 71 83 88 103 108 110 115 122 127 142 151 156 
1 9 10 15 20 36 43 54 70 83 88 103 122 128 138 148 150 161 
49 71 108 128 
10 20 35 37 83 122 128 129 142 162 166 175 
41 138 180 
88 110 125 
88 160 
75 108 160 174 
21 35 65 83 88 108 120 122 
12 38 41 53 61 84 117 124 125 139 141 151 160 162 175 189 
43 149 179 
108 111 127 
3 35 36 43 73 80 90 115 120 124 127 138 162 174 
1 19 21 22 23 29 36 61 127 136 140 173 
2 53 63 65 81 116 148 168 171 177 
1 39 53 60 63 87 90 108 110 131 138 139 141 151 171 
19 21 22 23 31 35 94 173 
43 65 73 80 83 118 122 
28 39 47 103 106 108 125 131 132 142 157 160 170 173 179 
1 2 3 5 36 54 57 61 85 108 115 149 
61 
61 80 108 
5 54 65 73 108 131 138 160 171 174 
75 
5 21 41 49 50 57 59 61 65 73 75 88 108 110 117 127 136 151 160 166 174 
5 57 61 63 73 108 138 139 160 161 163 174 
12 34 49 50 58 59 63 69 73 90 95 104 108 117 127 139 166 171 174 180 
29 41 117 174 
75 111 127 139 160 
1 3 48 64 65 69 75 105 115 127 129 151 166 177 181 
14 22 23 31 115 124 160 165 173 175 
65 138 
21 43 47 49 57 61 73 80 83 108 110 114 121 122 149 154 160 166 173 180 
38 53 61 65 
80 166 
53 57 74 116 117 131 166 171 172 
10 15 80 122 128 137 162 179 
2 14 16 53 60 141 174 
2 16 39 53 60 65 71 74 105 132 136 149 168 177 180 
41 43 61 63 65 75 108 111 117 136 149 151 174 
49 59 115 136 
19 57 59 61 65 173 
3 5 20 22 39 54 65 69 71 72 86 108 115 136 143 149 152 155 160 
12 63 111 139 174 
1 2 29 58 59 65 95 127 139 174 
1 14 37 43 53 54 63 90 94 132 138 151 160 166 
2 5 16 64 71 78 90 106 107 108 127 131 132 148 149 151 166 
30 34 36 43 48 60 81 94 108 136 138 160 166 
2 14 34 35 38 39 53 74 127 131 138 141 142 160 166 171 
34 53 54 94 97 127 131 140 
14 22 23 41 43 58 65 69 75 86 88 92 103 107 108 110 113 121 122 130 138 147 151 155 162 178 
37 124 174 
1 2 5 9 30 35 36 43 44 54 63 69 73 83 88 107 108 120 121 122 127 138 143 150 154 162 176 
9 10 14 22 34 43 47 80 83 106 108 110 114 120 121 122 124 127 128 136 137 143 150 154 174 175 176 180 
176 
1 3 14 16 30 31 34 37 43 47 60 61 63 65 71 73 80 87 90 94 106 107 108 115 118 120 127 136 142 143 148 149 160 162 163 171 180 
16 29 43 53 61 80 108 132 166 
8 14 
2 57 58 61 64 65 73 74 117 127 140 142 149 166 
54 65 179 
166 
125 127 136 
59 66 
12 22 58 59 61 117 132 173 
39 64 80 108 136 138 157 160 
2 49 60 61 65 71 81 131 140 157 
110 157 
160 
23 30 31 43 44 64 69 78 86 90 95 108 127 129 130 138 149 151 155 174 178 
13 36 50 57 64 94 115 132 138 151 174 183 
1 36 38 43 54 60 94 131 132 148 166 
23 43 54 107 117 129 166 178 
41 58 59 65 71 75 88 117 136 160 173 
29 47 63 80 115 138 139 161 179 
65 84 139 174 
116 166 
15 22 23 31 35 43 65 71 83 86 88 103 111 120 122 129 136 148 152 155 160 162 
19 22 23 26 27 31 36 37 38 43 44 48 53 57 64 65 69 71 86 94 107 108 115 127 130 132 136 138 151 152 157 160 166 174 
43 50 65 94 107 108 136 139 174 
36 57 173 175 
60 80 132 160 
14 41 61 63 71 115 127 129 138 
43 58 166 
59 111 116 117 166 
90 127 165 
43 65 69 161 166 
27 48 50 53 65 108 124 139 157 171 172 
29 81 105 111 132 162 168 177 
2 12 26 29 49 50 59 105 110 115 136 138 151 168 177 
1 16 18 22 23 31 34 36 41 54 66 67 71 86 92 94 107 110 115 120 127 131 132 147 160 
80 122 
1 65 73 88 106 120 122 127 150 154 163 180 
36 103 
21 22 33 34 47 49 80 110 114 122 139 154 175 
43 65 83 88 95 107 118 122 127 132 178 
3 36 108 115 141 
19 23 36 43 61 87 94 117 127 149 160 175 178 
9 15 83 108 120 122 
22 86 175 
9 10 15 20 21 23 30 33 34 47 61 65 70 71 75 83 88 91 99 106 108 116 120 122 128 129 138 141 149 150 162 163 175 179 
43 71 80 120 
16 53 74 115 116 141 176 
43 69 
12 43 61 69 124 141 161 166 172 174 
30 39 59 63 65 75 104 148 
14 36 65 
12 43 44 49 65 69 75 80 108 127 132 139 149 
2 3 15 16 36 53 63 110 116 148 
1 16 22 36 53 63 65 90 115 127 160 172 
3 36 50 71 168 177 
29 35 36 48 50 60 94 105 108 117 129 136 151 160 168 177 
3 36 47 53 65 105 108 115 116 127 177 
16 53 60 74 110 127 128 131 136 141 142 160 172 
21 22 23 43 69 86 110 130 142 147 155 
124 173 
14 43 49 81 87 90 111 131 149 160 168 171 
57 58 60 61 131 
80 106 143 149 154 
21 57 80 139 
9 10 21 22 33 34 61 70 80 83 114 122 126 128 137 149 150 161 166 174 
57 
14 30 43 57 87 90 136 138 149 166 173 
1 9 34 43 54 65 70 71 80 83 108 120 122 
14 53 65 75 108 116 131 139 149 
75 88 120 
16 
39 48 71 75 127 138 142 151 160 174 
3 12 41 54 59 63 72 73 75 80 103 108 110 111 117 132 139 148 172 174 175 
1 36 58 64 108 111 113 142 168 
1 5 15 16 37 41 48 53 60 61 65 132 138 140 142 148 155 166 174 
1 71 90 
21 22 30 31 36 39 61 65 71 76 86 95 115 127 129 130 147 151 
23 54 65 75 108 127 178 
5 22 23 43 44 53 54 69 71 73 80 90 115 127 129 130 136 147 151 152 161 162 172 174 175 178 
21 33 34 35 43 71 73 80 83 120 122 127 138 139 148 161 
9 14 30 36 58 73 103 110 115 117 124 125 127 142 151 152 157 173 174 176 
15 36 43 65 88 115 129 138 148 162 176 
53 80 108 
36 131 171 
12 14 39 80 108 116 121 124 137 165 174 175 
36 47 57 73 95 118 143 148 154 162 163 174 
2 14 39 43 50 57 58 65 67 69 73 81 84 95 108 110 111 127 132 138 140 141 149 157 160 174 
23 36 
23 132 
1 2 17 20 22 23 29 30 31 38 43 44 54 57 61 63 65 69 71 76 86 92 94 108 110 115 116 127 136 151 160 165 166 174 176 178 
18 22 23 31 43 54 57 65 69 85 86 94 108 110 127 139 148 149 151 155 160 166 174 175 178 
24 30 34 40 43 50 54 61 65 71 80 99 118 124 127 136 138 151 178 
2 22 47 49 50 53 61 95 107 132 138 142 162 176 180 
48 
14 16 57 60 65 90 149 174 
14 16 37 38 43 50 53 60 65 94 149 
35 61 65 103 127 156 176 
2 15 17 20 30 31 59 61 65 69 92 105 108 149 156 177 
2 22 30 41 50 54 58 59 86 116 127 131 151 174 
16 36 108 127 138 151 174 
5 54 59 73 109 117 138 143 179 
58 63 
47 59 131 143 174 
43 65 95 115 127 138 148 155 
12 59 61 166 
59 75 94 110 117 127 132 174 
2 36 74 127 131 148 157 173 
2 19 23 31 36 43 64 65 67 69 71 86 92 97 113 127 136 138 147 151 152 155 165 175 178 180 
2 22 23 30 43 44 65 69 71 86 127 130 147 149 152 166 174 
23 43 44 53 65 67 69 110 115 140 151 162 173 174 175 176 
21 22 23 30 31 43 44 61 67 69 71 86 92 115 123 127 129 130 138 147 152 160 162 174 
2 15 22 23 30 39 41 43 44 57 58 61 63 65 67 69 71 73 75 92 103 107 110 124 127 131 138 141 147 148 151 166 174 
139 
138 174 175 
59 
17 23 30 31 43 65 67 69 86 92 127 129 141 147 151 152 162 180 
17 23 43 67 86 127 130 152 
61 69 86 92 115 
1 47 61 65 115 132 161 174 175 180 
30 106 172 
22 23 44 69 124 127 142 147 148 155 161 178 
59 117 
22 23 29 30 31 65 67 73 86 92 127 152 160 175 
59 61 126 174 
5 12 14 54 58 59 61 65 103 117 126 127 160 174 175 
1 34 73 120 
59 61 75 108 136 138 139 160 175 
16 39 48 53 54 60 63 74 75 81 83 108 116 122 138 142 148 151 160 162 166 174 180 
12 69 73 109 139 
1 2 19 22 39 43 44 48 53 58 60 61 65 69 71 75 86 92 95 106 107 115 123 124 126 127 151 160 166 175 
1 50 58 61 71 75 81 87 90 94 131 136 173 179 
58 61 94 
103 120 122 154 
60 171 
22 23 31 34 43 49 54 57 61 65 67 75 85 87 92 105 110 115 120 124 127 147 152 178 
22 23 29 31 59 61 65 67 86 88 92 108 130 136 
30 71 80 106 128 179 
43 65 67 69 115 130 151 
65 81 108 115 
5 65 72 80 85 108 178 179 
12 41 47 61 108 111 117 132 138 141 151 160 166 174 175 
34 57 61 87 120 126 148 166 173 
12 14 19 36 41 59 63 65 67 71 92 111 115 117 127 136 141 149 174 178 
67 
1 38 53 54 143 
3 36 
57 171 
22 23 31 44 48 67 86 92 115 127 130 132 136 140 147 151 152 174 178 
1 2 30 31 43 44 54 61 63 65 66 67 69 86 92 97 124 127 130 136 147 174 
23 64 67 69 71 92 108 130 136 142 147 172 178 
1 23 31 67 86 92 108 130 132 136 147 149 166 
22 23 30 31 37 43 59 65 69 75 84 86 90 92 115 123 127 130 140 147 160 173 178 
14 80 115 139 141 142 160 165 166 174 
21 33 34 43 71 73 80 83 116 118 142 160 175 
1 20 109 132 136 143 179 
2 24 40 43 
1 16 31 37 43 60 63 65 71 80 83 87 90 108 109 110 127 142 143 
48 49 57 58 108 126 160 166 173 174 176 
5 15 30 35 43 48 49 54 57 58 61 65 67 69 73 80 88 92 94 108 110 115 127 130 147 148 151 160 166 
22 23 31 38 43 53 54 65 67 80 81 83 92 108 115 127 131 140 142 143 151 161 162 
2 22 38 43 49 61 71 80 95 127 131 136 138 149 151 
5 8 39 48 52 53 54 60 65 72 85 86 107 115 117 132 138 139 141 142 143 148 149 162 171 180 
1 80 95 127 138 149 
31 44 115 130 
12 108 111 117 172 
12 36 48 81 94 108 115 129 138 149 162 
34 41 43 44 54 63 64 65 69 71 92 95 103 115 127 141 147 174 175 176 178 
21 31 39 44 61 66 69 71 75 86 92 95 108 115 127 130 149 152 166 
47 175 
16 19 26 36 53 57 60 65 84 151 175 180 
2 26 30 35 39 48 57 64 66 84 94 110 126 136 138 140 141 149 151 160 166 174 175 176 180 
108 
2 74 81 
23 29 43 48 53 60 71 94 132 151 171 
2 29 57 59 60 61 63 105 111 116 127 132 138 160 168 177 180 
43 71 87 127 173 
54 61 97 148 160 
34 49 136 174 
49 58 61 65 115 127 149 166 173 174 
49 54 
14 73 75 166 
14 49 65 75 110 136 138 142 161 174 
48 65 66 73 75 88 108 110 115 117 127 136 138 149 160 174 
49 50 59 64 103 108 111 132 166 181 
12 49 61 65 67 73 95 108 149 160 176 
160 
47 49 58 160 174 
21 22 23 31 34 37 43 50 59 65 67 69 71 73 75 86 92 94 103 108 110 124 127 130 132 149 152 178 
12 23 41 43 59 61 65 69 92 95 103 108 115 127 132 151 174 
2 21 22 31 37 39 43 44 61 64 69 92 108 110 127 130 131 136 138 142 147 151 166 174 178 
18 36 
54 65 108 
3 14 23 31 50 65 67 78 86 92 127 130 136 151 
23 63 67 115 157 
3 9 20 22 30 33 57 71 73 80 83 108 115 116 120 127 128 129 150 162 176 179 
21 30 33 34 43 49 61 71 73 75 80 83 94 106 118 122 136 138 141 154 161 163 173 175 
2 22 23 30 31 53 54 65 69 71 85 86 92 108 115 123 127 136 138 140 149 151 152 166 174 180 
57 63 64 75 80 81 108 109 143 161 175 
41 43 54 58 65 66 69 90 92 94 108 127 130 131 141 151 160 174 178 
3 43 108 127 139 
58 59 131 
5 12 50 54 59 66 69 80 111 127 160 174 
59 75 88 108 136 
117 136 151 160 162 174 
47 49 57 58 60 61 104 115 125 138 141 166 172 174 
108 111 176 
3 16 36 37 43 60 61 105 132 142 155 168 177 178 
27 36 67 94 108 115 130 141 151 157 166 
22 36 53 107 115 131 149 160 
39 48 61 67 92 178 
3 22 23 35 57 73 106 109 120 125 126 127 130 143 147 149 154 162 163 176 178 
3 22 23 30 34 57 61 65 92 107 115 127 129 136 
1 60 71 107 
12 104 113 115 178 181 
2 17 22 31 44 53 129 
14 22 105 149 168 177 178 
30 75 80 108 111 115 160 174 
61 116 
1 22 23 36 43 57 60 61 65 73 106 107 109 120 127 130 143 160 173 
48 53 78 
131 141 149 171 180 
2 5 48 53 151 
22 29 31 39 57 78 92 127 161 166 175 178 
17 30 31 36 57 65 69 73 92 104 110 115 127 132 147 167 175 
1 19 22 23 31 43 44 53 54 61 65 66 67 69 71 76 86 92 103 104 107 108 123 125 126 127 129 130 147 152 157 160 165 176 178 
22 36 39 50 69 71 81 110 115 127 132 136 138 151 
1 31 92 115 127 130 147 178 
31 36 110 115 178 
22 23 30 43 58 65 86 103 107 108 124 129 130 152 160 161 166 178 
64 
58 69 71 92 117 127 
15 30 64 65 84 106 107 115 127 129 136 140 151 156 160 
14 30 47 94 108 111 142 149 
29 36 41 43 53 59 60 65 75 81 94 111 117 125 127 157 171 
29 37 47 61 
65 97 104 
65 
28 71 103 170 176 
23 41 48 53 58 63 65 67 69 92 106 108 115 120 126 130 138 140 151 155 160 178 
38 54 74 136 148 
41 166 
30 49 52 53 61 63 73 75 111 127 160 174 175 
97 176 
35 75 115 117 127 136 149 160 166 
14 22 23 31 38 43 44 61 64 65 69 73 86 94 110 127 151 160 161 166 174 175 
2 14 36 37 48 63 90 132 151 157 166 
1 2 3 20 41 50 81 87 90 94 160 179 
1 26 35 36 37 43 136 151 160 162 166 
53 65 115 
22 23 31 36 61 65 66 67 92 110 115 127 132 149 
22 23 36 60 65 107 108 115 127 130 142 149 155 178 
58 127 
10 21 22 25 43 71 80 83 91 106 107 108 122 136 150 154 160 161 162 174 
9 10 21 30 33 48 73 88 106 107 108 120 122 127 137 151 160 161 173 175 180 
10 34 43 47 57 80 106 108 122 137 175 180 
43 
54 95 109 143 149 163 
1 61 
14 53 65 115 149 157 
63 87 173 
14 23 34 43 49 57 65 71 86 90 94 107 115 132 138 148 151 166 174 176 
23 36 43 65 69 71 73 75 76 84 86 94 103 107 115 123 126 127 129 132 138 151 152 160 173 175 176 
1 12 15 16 39 41 49 53 57 63 64 65 69 73 75 76 86 107 108 127 129 132 136 139 148 152 166 174 
31 50 58 65 69 86 90 95 108 127 130 147 155 160 172 178 
90 
23 54 61 71 86 115 127 131 149 157 
43 
22 23 30 31 48 61 65 69 86 108 124 127 129 147 152 155 176 178 
15 30 35 43 57 58 71 83 94 107 108 121 148 160 161 163 175 179 180 
83 125 
107 138 179 
30 71 90 107 171 
1 9 49 65 73 88 104 107 118 120 122 125 126 149 156 175 
3 23 30 60 61 63 87 107 110 125 126 127 132 138 148 149 171 172 
14 23 107 115 138 
23 31 72 86 129 136 
2 35 97 110 157 
9 10 14 15 33 34 36 49 58 65 71 73 83 88 94 103 108 121 122 127 129 137 150 154 162 175 
86 123 127 
65 75 174 
22 30 61 111 116 117 132 139 160 
14 36 64 65 75 111 139 151 174 
9 12 16 54 65 75 99 111 115 117 
18 22 35 36 41 43 65 69 71 73 80 85 94 108 127 142 
94 95 108 
8 16 20 31 35 36 50 53 54 61 63 74 86 122 127 131 142 148 180 
116 
2 50 60 61 63 78 94 116 132 140 141 160 
17 22 23 31 36 53 61 86 92 141 160 
23 60 76 87 97 127 136 148 155 
27 63 127 132 140 151 157 
