1 2 3 4 5 6 
7 8 3 4 6 
7 2 3 9 10 11 12 
13 8 3 5 14 
13 2 15 3 
13 8 3 4 14 12 
7 8 15 3 16 17 
7 2 15 3 11 
1 8 3 16 10 
7 2 3 16 12 
7 8 3 16 4 5 9 14 12 
7 8 15 3 16 12 
13 2 15 3 5 18 10 12 
1 8 15 3 17 12 
7 8 3 16 5 17 12 
1 8 15 3 10 11 17 
13 2 15 3 16 9 12 
7 8 15 3 12 
7 8 15 3 11 12 
13 8 15 3 16 9 14 12 6 
7 2 15 3 10 12 
7 8 15 3 14 6 
1 8 15 3 12 
7 2 15 3 16 4 5 9 18 10 11 14 
7 2 15 3 11 6 
13 8 15 3 16 5 10 11 
1 8 3 4 14 6 
13 2 15 3 
7 8 15 3 4 14 12 6 
1 2 3 18 
7 2 3 10 11 14 12 
7 8 15 3 10 14 
13 8 15 3 9 18 11 14 
7 8 3 16 
13 2 15 3 4 17 
1 2 15 3 
13 2 15 3 16 
13 8 3 4 
1 8 15 3 12 6 
1 8 15 3 14 6 
13 2 3 4 11 
7 2 15 3 17 
13 2 3 9 18 10 11 14 12 
13 8 3 16 18 
7 2 15 3 16 4 
1 2 15 3 14 
7 2 3 12 
13 8 15 3 10 14 6 
7 8 3 14 17 6 
1 2 15 3 10 
13 2 3 10 
7 2 3 16 11 14 12 
13 8 3 4 14 17 
7 2 3 9 10 11 17 
7 8 3 5 11 
13 2 15 3 14 
13 8 15 3 16 
1 2 15 3 16 9 11 14 
13 8 15 3 14 12 6 
13 8 3 6 
13 8 3 17 
7 2 15 3 9 18 17 6 
13 2 3 5 18 12 
7 8 3 14 6 
7 2 3 16 5 6 
7 2 3 5 9 18 10 11 17 
13 2 15 3 18 17 12 
1 2 15 3 11 
7 8 15 3 16 5 
13 8 15 3 16 5 9 
7 8 15 3 16 4 5 14 6 
7 2 3 18 
13 2 15 3 10 
13 8 3 16 11 14 6 
13 2 15 3 10 12 
7 8 3 10 14 6 
1 2 3 10 
1 2 3 16 9 11 12 
7 8 3 10 12 
1 2 15 3 9 10 11 
1 8 3 
1 2 15 3 16 
7 8 3 16 12 
1 8 3 18 12 
13 8 3 11 
1 2 3 4 10 12 
1 8 15 3 
1 8 15 3 10 17 
13 8 15 3 
13 8 15 3 14 17 6 
1 2 3 9 10 11 14 12 
7 8 15 3 
7 8 3 16 14 17 12 
13 8 15 3 4 11 
13 8 15 3 16 4 
7 2 15 3 5 9 10 11 17 
7 8 15 3 5 17 6 
1 2 15 3 9 10 11 
7 2 3 4 10 17 
1 8 3 9 14 
7 8 15 3 16 18 11 6 
7 2 3 16 5 9 12 
1 2 3 5 
13 2 15 3 5 18 
1 8 15 3 10 12 
1 2 15 3 
13 8 15 3 16 4 6 
7 2 3 5 9 10 11 
1 2 3 9 18 10 11 14 12 
13 8 3 18 17 
1 8 15 3 18 10 
7 2 15 3 9 10 11 17 12 
7 2 3 16 9 18 10 11 14 12 
13 2 3 9 18 12 6 
13 8 15 3 4 11 14 17 
7 2 15 3 4 17 12 
13 8 15 3 
13 8 15 3 16 
7 2 15 3 5 11 6 
13 2 15 3 5 14 
1 2 3 16 5 10 12 
13 8 3 16 11 12 
7 8 3 10 14 6 
13 8 15 3 9 18 
13 2 15 3 9 10 11 14 
7 2 15 3 5 10 11 6 
13 8 3 16 4 9 12 
13 8 3 18 14 6 
7 2 3 16 5 12 
1 8 3 4 
7 8 3 16 11 17 12 
13 8 3 10 17 
13 8 3 5 9 
13 8 3 9 
7 2 15 3 11 
1 8 3 9 10 14 17 
1 2 15 3 9 11 17 12 
7 2 3 16 10 11 17 12 
13 2 3 4 9 18 10 11 17 6 
13 8 15 3 16 
13 8 15 3 9 18 14 12 6 
1 8 15 3 14 17 
7 2 15 3 9 10 11 
13 8 15 3 16 
7 2 3 9 
13 2 3 
7 2 15 3 4 9 18 10 11 14 6 
7 8 15 3 18 10 11 
7 2 3 16 9 10 11 14 
1 2 3 9 10 11 12 
7 2 3 18 
13 8 15 3 9 12 
13 2 15 3 4 18 
13 2 15 3 9 18 10 11 6 
13 8 3 4 5 14 6 
13 8 15 3 16 4 17 
7 8 15 3 9 
7 2 3 9 18 10 11 
1 2 15 3 18 12 
13 8 15 3 9 10 
7 2 3 16 4 9 10 11 12 
7 8 15 3 5 11 14 6 
13 2 15 3 9 18 10 11 14 
7 8 15 3 
7 2 3 14 
13 8 15 3 16 14 6 
13 2 15 3 10 
13 8 15 3 16 10 11 
7 2 15 3 4 5 9 10 12 6 
13 2 3 16 9 10 11 12 
7 8 3 16 9 14 
7 8 3 
7 2 15 3 14 17 
1 8 15 3 4 11 
7 8 3 11 17 12 
7 2 3 9 18 10 11 17 
13 8 15 3 5 10 14 17 6 
7 8 15 3 14 6 
13 8 3 16 11 
7 8 3 16 5 10 11 
7 2 15 3 9 10 11 14 12 
1 8 3 9 11 
1 8 15 3 18 
13 2 3 16 18 12 
1 2 3 9 18 14 6 
7 2 15 3 16 11 
7 8 3 16 14 6 
13 8 3 4 12 6 
7 2 3 4 9 10 11 14 12 6 
7 8 15 3 9 18 10 11 12 
7 8 15 3 11 
7 8 3 17 12 
1 8 15 3 5 
13 2 3 16 9 10 11 14 12 
7 8 3 
13 8 3 16 5 10 14 17 12 6 
13 8 15 3 10 
7 8 3 16 14 17 6 
13 2 3 9 10 11 14 17 
1 2 3 9 10 11 6 
13 2 3 10 6 
13 2 15 3 9 10 11 12 
7 2 3 18 11 
7 2 3 16 9 18 10 11 
7 2 3 11 6 
7 2 3 9 18 10 6 
7 8 15 3 6 
13 2 3 18 17 6 
1 8 15 3 9 14 6 
7 8 3 16 12 6 
13 8 3 14 6 
13 2 3 18 12 
1 8 15 3 18 
7 8 3 16 18 12 
7 8 3 4 18 6 
13 8 15 3 16 9 14 
13 8 15 3 16 5 
1 8 3 9 14 6 
13 2 15 3 9 10 11 14 17 
1 8 3 4 9 18 10 17 
7 8 3 16 14 12 
13 2 15 3 16 4 18 17 
7 8 3 4 14 6 
1 8 3 16 9 10 12 
7 8 3 16 14 6 
1 8 15 3 16 4 5 14 6 
7 2 3 11 
7 8 15 3 
13 8 15 3 4 
13 8 3 14 6 
1 2 3 9 10 11 17 6 
1 8 3 16 5 14 12 6 
1 2 3 5 9 18 14 
13 2 15 3 5 18 10 14 
13 2 3 5 10 
13 8 15 3 
13 8 15 3 11 
7 2 3 14 12 
13 2 3 14 6 
7 8 15 3 11 
13 8 15 3 18 
1 2 3 16 9 18 10 11 14 12 
13 2 3 
7 8 15 3 16 4 6 
1 8 3 16 4 17 12 
7 2 3 16 5 9 10 11 12 
7 2 3 12 
13 8 3 6 
1 2 15 3 6 
7 2 3 6 
7 2 15 3 16 5 
7 8 15 3 17 
7 8 15 3 9 
1 8 3 4 10 11 14 
7 2 15 3 17 
13 8 15 3 10 14 6 
1 8 15 3 9 6 
7 8 3 5 14 17 6 
1 2 3 16 5 9 18 10 17 12 
13 8 15 3 
13 8 15 3 16 11 14 6 
13 8 3 9 
7 2 15 3 16 4 
7 2 3 4 9 10 11 
7 2 3 16 10 12 
13 2 15 3 16 14 
13 2 15 3 16 9 10 11 14 
1 2 15 3 9 10 14 12 
13 2 15 3 10 11 14 
13 2 15 3 4 
7 2 15 3 10 6 
13 8 15 3 16 
1 8 3 9 14 6 
7 2 15 3 16 4 9 12 6 
13 2 15 3 9 
13 8 3 11 14 6 
13 8 15 3 18 10 14 17 6 
7 2 15 3 
13 8 15 3 9 11 14 6 
7 2 15 3 
7 8 3 9 18 10 14 
7 8 15 3 9 18 14 17 
7 2 3 16 14 17 6 
13 2 3 14 
13 8 3 9 18 14 
1 8 15 3 14 6 
13 8 3 16 10 17 12 
13 8 15 3 4 5 9 14 6 
7 8 3 16 5 18 10 17 
13 2 15 3 4 5 10 14 
13 8 15 3 4 14 6 
13 8 3 16 18 14 17 12 6 
7 8 3 5 18 10 11 14 
7 8 15 3 16 9 14 
13 8 3 16 5 
13 8 3 10 12 
1 2 3 16 4 12 
7 2 15 3 4 6 
7 8 15 3 16 
1 8 3 16 12 
13 8 3 16 18 
7 2 3 9 14 17 
7 8 15 3 
1 2 15 3 9 10 11 14 
13 2 3 14 6 
1 2 15 3 4 9 18 10 11 
7 8 3 4 18 14 6 
13 2 15 3 16 9 10 11 
13 8 15 3 11 
13 2 15 3 11 
7 8 15 3 12 
7 8 3 9 
7 2 3 
7 8 15 3 
7 8 15 3 16 6 
1 8 3 
7 8 3 16 4 5 11 14 12 6 
13 8 3 5 12 
1 2 15 3 9 10 11 
13 8 15 3 5 12 6 
1 8 15 3 4 5 18 
7 8 3 5 
7 2 15 3 9 10 11 
13 8 3 16 9 18 11 
13 2 15 3 9 10 11 
13 2 3 9 18 10 
7 8 15 3 
13 2 3 16 10 12 6 
13 8 3 16 10 12 6 
7 8 3 12 
1 2 15 3 18 
7 8 3 16 5 12 6 
7 8 15 3 5 10 11 14 6 
13 2 3 18 10 
7 8 15 3 9 18 
13 8 3 16 4 5 9 14 17 12 
7 2 3 4 9 18 10 11 
7 8 15 3 18 17 
13 2 15 3 
7 2 15 3 16 4 17 
1 2 15 3 9 6 
13 2 15 3 16 5 6 
7 2 3 9 10 11 12 6 
1 8 3 5 
13 2 15 3 14 
13 8 3 11 6 
1 2 15 3 9 10 11 
13 8 3 16 10 14 12 6 
13 8 3 
13 8 3 16 18 11 
1 8 3 5 18 10 14 12 6 
7 2 15 3 14 17 12 6 
13 8 15 3 
7 2 15 3 16 17 
7 2 3 9 18 10 11 
13 2 15 3 4 9 10 11 14 
7 2 15 3 4 6 
7 2 15 3 9 18 10 11 
13 2 15 3 5 9 10 11 
13 8 3 
13 2 15 3 9 
13 8 3 16 18 11 14 12 6 
13 2 3 
7 8 15 3 5 9 17 
13 8 3 16 9 14 17 12 
1 2 3 16 18 10 12 6 
1 8 3 16 14 6 
1 2 15 3 4 9 10 11 12 
7 2 3 5 14 17 
1 8 3 5 14 6 
13 2 15 3 6 
13 2 3 4 
13 2 15 3 16 12 
13 8 3 16 
1 8 3 16 12 6 
7 8 3 16 14 12 6 
7 2 3 5 12 6 
13 8 15 3 12 
7 2 3 17 12 
13 2 3 16 12 
1 8 3 4 
13 8 15 3 9 10 17 
13 8 3 16 14 17 
1 2 3 10 17 12 
7 8 15 3 5 12 6 
13 8 15 3 16 18 10 14 
13 2 3 16 11 12 
7 8 3 16 5 14 12 6 
13 8 15 3 5 11 
13 2 3 9 10 11 17 
13 2 15 3 4 6 
1 8 15 3 4 10 
1 2 15 3 9 10 11 17 
13 2 3 16 9 10 11 12 
1 2 3 9 10 11 14 
7 8 3 12 
7 8 15 3 
13 2 15 3 12 6 
1 8 15 3 12 6 
1 2 3 9 10 11 6 
13 2 15 3 9 10 11 
13 8 15 3 5 17 
1 8 3 16 12 
7 2 3 9 18 10 11 14 12 
7 2 3 5 9 10 11 
7 2 3 16 10 12 
13 8 3 18 14 6 
7 8 15 3 4 9 14 
7 8 3 10 
13 8 15 3 14 12 
7 8 3 9 18 14 17 
13 2 3 16 9 10 11 
1 2 15 3 5 9 10 11 
13 8 15 3 4 14 17 12 6 
7 8 3 14 17 6 
13 8 15 3 
13 2 15 3 16 4 12 
7 2 15 3 
13 2 3 5 
1 2 3 4 9 10 11 6 
13 2 15 3 5 12 
13 2 3 9 10 11 
7 8 15 3 10 12 
13 2 15 3 4 11 
7 8 15 3 16 18 10 
7 8 15 3 9 18 14 17 
13 2 15 3 5 
1 8 3 18 14 
13 8 15 3 18 14 12 6 
13 2 3 
13 2 15 3 16 5 
7 8 15 3 16 9 18 10 11 12 
13 2 3 16 4 5 11 12 
13 8 3 
7 8 3 16 4 18 10 
1 8 3 9 6 
7 2 15 3 4 5 11 12 
1 2 3 16 5 18 12 
7 2 3 9 10 17 
7 8 3 5 18 11 17 
13 2 3 9 18 10 11 
13 2 3 16 9 10 11 14 12 
13 8 15 3 9 10 
13 2 3 16 14 
13 8 3 16 11 12 
13 2 3 5 14 6 
13 2 15 3 4 
7 2 15 3 9 10 11 
13 8 3 16 18 12 6 
1 8 15 3 18 10 6 
13 2 3 14 6 
7 8 3 4 12 
1 2 3 16 4 18 6 
13 8 15 3 16 18 
1 8 3 11 
7 2 3 16 9 10 11 12 
13 2 3 17 12 6 
7 2 3 16 17 12 6 
7 2 15 3 18 10 
1 2 15 3 18 14 
13 8 3 16 18 12 
13 2 3 16 4 12 
13 2 15 3 5 9 18 10 11 17 
1 8 3 14 6 
7 2 15 3 5 9 10 11 
7 2 3 9 10 11 17 
7 2 3 16 9 18 10 11 14 12 6 
13 2 15 3 4 
13 8 3 5 9 18 14 6 
13 2 15 3 16 4 14 
1 2 3 5 10 11 
13 8 15 3 16 10 14 6 
1 8 3 16 11 14 12 6 
13 2 15 3 9 18 12 6 
13 2 3 9 10 11 17 
7 8 3 16 18 11 12 
13 2 15 3 6 
1 2 15 3 4 11 14 
1 8 3 5 
13 8 3 12 
1 2 3 16 10 12 
13 8 3 18 10 
13 2 15 3 5 18 
7 8 3 16 18 12 
7 2 15 3 11 
7 2 15 3 17 6 
1 8 15 3 18 17 6 
13 8 15 3 9 14 
7 8 3 17 
1 2 15 3 9 10 11 12 
13 8 3 16 4 18 14 12 6 
7 8 15 3 11 14 6 
13 8 3 16 5 9 10 17 
1 2 3 9 10 14 
13 2 15 3 9 10 11 
13 8 3 18 10 12 
13 2 15 3 16 5 17 
7 2 15 3 9 10 11 
13 8 3 6 
7 8 15 3 14 17 
7 8 15 3 16 5 
13 8 15 3 16 11 14 6 
13 2 15 3 
1 2 15 3 9 6 
13 8 15 3 16 4 5 
13 2 15 3 17 
13 2 15 3 4 5 
13 8 15 3 4 
1 8 15 3 14 6 
7 8 15 3 4 5 11 17 6 
7 2 15 3 18 17 12 
13 8 15 3 16 11 14 6 
13 2 3 11 
13 8 3 9 
7 2 3 9 10 11 14 
7 2 3 4 6 
13 2 15 3 
13 8 15 3 12 
13 2 15 3 4 9 17 6 
7 2 3 16 9 14 
13 8 15 3 4 18 
13 8 15 3 5 11 
1 2 3 9 10 14 6 
13 8 15 3 12 
1 2 3 14 
7 2 3 16 9 12 
13 2 3 16 4 9 11 
7 2 3 16 4 11 14 12 
1 8 3 16 11 17 12 
13 8 15 3 16 4 9 14 17 12 6 
7 2 15 3 10 
13 2 15 3 16 9 10 11 17 
13 8 3 16 18 11 12 
7 8 3 16 18 14 6 
7 8 15 3 14 12 
7 8 15 3 16 5 18 10 17 12 
13 8 3 16 9 
7 2 15 3 4 9 10 11 
1 8 3 18 12 
7 2 15 3 4 
1 8 15 3 4 9 11 
7 2 3 16 4 9 10 11 12 
7 8 3 10 14 12 6 
13 2 3 9 10 11 14 
7 2 15 3 16 6 
7 2 15 3 14 
7 8 3 9 14 6 
13 2 15 3 4 14 
13 8 15 3 14 6 
13 8 15 3 14 17 6 
1 8 15 3 4 10 
13 2 3 4 18 
13 8 3 16 10 11 14 12 6 
13 2 15 3 5 9 17 
13 2 15 3 9 10 11 
7 2 3 9 18 10 11 
7 2 15 3 
13 2 15 3 9 18 10 11 
1 2 15 3 14 
7 2 15 3 5 17 
13 2 15 3 16 10 14 17 
1 8 15 3 17 12 6 
13 2 15 3 16 18 6 
13 2 3 14 
13 2 15 3 9 10 11 6 
7 8 3 
7 8 3 16 5 12 
7 8 3 9 14 12 
7 8 3 18 
7 2 15 3 5 18 
7 8 3 4 
1 8 15 3 11 12 6 
13 2 3 9 10 11 
13 8 15 3 4 10 17 
13 8 3 16 4 17 
13 8 15 3 16 9 18 6 
7 2 3 16 5 18 12 
1 8 3 4 17 
13 2 15 3 4 
13 8 3 
1 2 15 3 
13 8 15 3 10 12 
7 2 15 3 16 10 
7 8 3 5 14 17 6 
13 8 3 14 
13 8 3 5 11 14 12 6 
7 2 3 9 10 11 12 6 
13 2 3 18 12 
13 8 3 5 14 6 
7 8 15 3 16 18 11 14 12 6 
13 2 3 4 5 10 
13 8 15 3 5 
13 2 15 3 9 18 10 11 
1 2 15 3 10 17 
13 8 3 9 
1 8 3 9 14 
13 8 15 3 4 
1 8 3 10 12 
13 2 15 3 5 
13 8 3 9 10 11 
7 2 15 3 11 14 
7 8 15 3 11 
1 2 15 3 10 17 6 
7 2 3 16 11 12 
13 8 15 3 4 9 18 10 12 
13 8 15 3 16 
7 2 15 3 16 9 10 11 6 
1 8 3 17 
1 2 15 3 16 
1 2 3 16 12 
7 2 15 3 5 
7 2 15 3 16 5 18 
13 8 3 14 17 12 6 
1 8 3 16 5 10 11 12 
7 2 15 3 
7 2 3 16 4 11 
13 2 3 4 9 10 11 17 12 6 
13 2 15 3 9 
1 8 15 3 16 11 
13 2 3 16 5 9 10 11 14 12 
1 8 3 16 11 
1 2 3 18 11 17 
7 8 3 9 18 
13 8 3 16 18 12 6 
13 8 15 3 4 18 
13 2 3 14 12 6 
13 8 15 3 18 14 6 
1 8 15 3 9 
1 8 15 3 5 9 12 6 
13 2 3 16 9 10 11 
7 2 3 14 6 
7 2 3 4 9 14 17 
13 8 3 16 6 
7 2 15 3 18 17 12 
7 2 3 14 
13 2 15 3 5 11 12 
13 2 15 3 
7 8 15 3 16 11 14 12 6 
7 8 15 3 5 14 17 6 
13 2 15 3 16 4 18 17 
1 8 15 3 4 10 
7 8 15 3 5 10 14 6 
1 8 3 16 14 12 6 
7 2 15 3 14 6 
7 2 3 16 9 10 11 12 
7 2 3 9 18 11 
7 2 3 
13 2 15 3 16 12 
13 8 3 16 9 10 12 
13 8 3 4 18 
7 8 15 3 4 9 14 
13 2 15 3 14 
1 8 15 3 
13 2 15 3 5 18 10 
1 2 3 12 
13 2 3 16 9 10 11 
13 2 3 16 12 
13 8 15 3 4 14 
13 8 15 3 12 
7 8 3 4 5 14 
1 8 3 14 
13 2 3 16 4 18 11 12 6 
13 2 3 16 9 10 11 14 12 
1 2 3 16 4 9 10 11 12 
13 2 3 16 5 12 6 
7 8 15 3 12 
13 8 15 3 16 4 5 18 17 
1 2 3 9 10 11 14 
7 8 15 3 4 14 6 
7 8 3 5 9 14 17 12 6 
7 2 3 16 18 12 6 
7 2 15 3 9 18 14 
13 2 3 16 
13 2 15 3 12 
7 8 15 3 14 6 
1 8 15 3 4 11 12 
13 8 15 3 5 12 
7 8 3 14 6 
7 2 15 3 16 18 
7 8 3 14 6 
7 2 3 16 14 12 
13 2 3 18 
7 2 3 16 
7 2 3 16 4 5 9 17 6 
13 2 3 4 18 
13 2 3 9 14 
13 8 15 3 10 17 
7 8 15 3 5 
13 8 15 3 4 14 17 
13 2 3 16 10 17 12 
7 8 3 16 4 10 
7 8 3 10 11 12 6 
7 2 15 3 4 18 10 
7 2 3 4 9 10 11 14 
13 8 3 9 14 12 
13 2 15 3 18 10 12 
13 8 15 3 5 14 6 
7 8 15 3 12 
13 2 3 16 5 11 12 
1 8 3 16 9 12 
13 8 3 14 12 6 
13 2 15 3 12 
1 8 15 3 9 6 
13 8 3 9 11 14 17 6 
13 2 3 4 9 18 10 11 17 
13 2 15 3 18 
7 8 3 18 10 
13 2 15 3 18 11 17 
1 2 15 3 5 
7 2 15 3 9 18 12 
13 8 3 16 4 9 12 
7 2 3 9 18 10 17 
1 8 15 3 16 12 
13 8 15 3 10 12 
1 2 15 3 9 10 11 14 
7 2 3 5 12 
13 8 15 3 
13 8 15 3 
7 8 15 3 9 11 
13 2 15 3 9 10 11 6 
13 2 15 3 5 9 10 11 17 
1 8 3 12 
7 2 3 
13 8 15 3 14 12 6 
13 2 15 3 9 
7 8 15 3 4 9 
7 2 3 10 14 17 
1 2 3 11 14 12 
13 8 3 18 12 
7 8 3 16 4 9 18 
13 2 15 3 9 10 
13 2 3 16 9 14 12 
1 2 15 3 16 9 10 11 12 6 
13 2 15 3 10 
7 2 15 3 12 
7 2 3 9 11 12 
7 8 15 3 10 11 
1 2 15 3 4 5 9 18 10 11 14 17 
7 8 3 9 
13 8 3 16 4 18 14 17 6 
7 2 3 9 10 11 
1 8 15 3 4 18 14 6 
1 8 3 16 10 14 12 
13 8 15 3 5 12 6 
1 8 3 18 14 6 
1 2 15 3 16 14 
13 8 3 16 17 
7 8 15 3 14 12 6 
7 2 3 17 
7 2 3 4 17 
7 8 3 9 10 17 12 
1 2 3 9 10 11 6 
13 2 15 3 9 18 10 11 
7 8 3 16 4 5 9 18 17 
7 2 15 3 9 10 11 14 17 
7 2 15 3 18 14 6 
7 2 3 9 18 
13 2 15 3 14 12 
13 2 3 12 
7 2 3 11 17 
7 8 15 3 14 6 
1 8 15 3 6 
13 2 3 16 9 11 14 12 
13 2 3 4 5 10 6 
1 8 3 4 12 
7 8 3 10 11 
7 2 3 16 
13 8 3 14 17 
1 2 3 4 5 14 
13 2 3 16 9 17 12 
13 2 3 14 17 6 
7 8 15 3 11 
13 2 3 9 
7 8 3 5 
13 2 15 3 5 6 
1 8 3 9 10 17 
7 2 15 3 
7 8 15 3 18 
1 8 15 3 16 
7 8 15 3 11 14 17 
13 8 15 3 9 18 14 17 6 
13 8 15 3 16 11 14 
1 8 3 16 14 17 
13 2 15 3 5 9 11 17 
7 8 3 16 5 12 6 
7 2 15 3 11 
13 2 15 3 4 10 
13 8 3 16 5 12 6 
13 8 15 3 18 12 
1 8 15 3 11 6 
7 2 15 3 14 17 
7 2 15 3 16 5 9 18 10 11 
1 8 3 16 5 9 14 17 12 6 
13 8 15 3 
13 8 15 3 11 6 
13 2 15 3 4 5 6 
1 8 15 3 18 14 6 
7 2 3 
1 2 3 16 4 12 6 
7 2 15 3 5 
1 8 3 14 
1 8 3 5 12 
13 8 15 3 
7 2 3 11 17 
1 2 3 4 5 18 
7 2 15 3 9 18 10 11 
7 8 15 3 16 11 
7 8 15 3 16 9 17 
7 8 15 3 16 11 14 6 
1 8 3 16 4 18 12 
7 2 15 3 12 
13 8 15 3 11 
13 2 15 3 16 4 9 10 11 
7 8 3 5 9 11 
13 2 15 3 10 
13 8 15 3 16 9 11 14 17 6 
7 8 3 16 17 12 
7 8 15 3 4 17 
13 8 15 3 4 10 14 6 
13 8 15 3 4 10 6 
13 8 3 16 12 
13 8 3 11 
1 2 3 9 10 11 
13 8 3 16 5 18 10 
13 2 15 3 14 6 
7 2 15 3 16 5 9 10 11 
7 8 15 3 9 14 12 6 
7 8 3 16 9 14 6 
13 8 3 
7 8 15 3 4 9 18 14 17 12 6 
13 2 15 3 9 10 11 
1 2 15 3 4 
1 2 3 16 5 10 12 
13 8 3 10 
13 2 3 16 18 11 
7 8 15 3 16 5 14 6 
7 8 3 16 4 9 14 17 12 6 
7 8 15 3 4 
1 2 15 3 16 9 
13 2 15 3 5 10 11 6 
13 8 15 3 18 14 12 6 
7 8 15 3 4 5 18 6 
13 8 3 14 
7 2 3 16 9 10 11 6 
7 2 3 16 9 10 11 12 6 
13 8 15 3 5 6 
1 2 15 3 5 14 6 
13 8 3 16 5 9 
7 2 15 3 18 10 6 
13 8 15 3 18 14 
13 2 15 3 9 10 11 14 
13 2 3 9 11 
13 8 3 16 4 17 12 
1 2 3 16 5 12 
13 8 3 18 
13 2 3 4 5 9 10 11 
1 8 3 16 4 5 17 12 
7 8 3 18 10 11 
7 2 15 3 
1 8 15 3 9 10 
1 8 15 3 17 
7 8 3 16 6 
13 2 3 9 10 11 
1 2 3 4 9 18 10 11 17 12 
13 2 3 18 11 
7 8 15 3 14 6 
13 8 15 3 16 17 6 
7 8 15 3 11 17 
7 8 3 17 6 
7 2 3 4 9 17 
7 8 3 18 14 6 
7 2 15 3 11 12 
1 8 15 3 18 11 12 
1 8 15 3 16 11 17 12 
13 2 3 
7 8 3 11 
13 8 15 3 5 17 
13 8 3 5 9 11 14 17 
13 2 3 16 4 17 12 
7 2 3 16 4 9 18 10 11 12 
7 2 15 3 16 
7 8 15 3 5 9 
13 2 3 16 5 9 10 11 12 
7 8 3 16 5 12 
7 2 3 4 5 9 10 11 12 6 
13 2 3 
13 2 15 3 9 
13 2 15 3 16 14 
1 8 15 3 5 
1 8 3 10 17 
13 8 3 16 18 10 
7 2 3 9 10 11 12 
7 2 15 3 11 6 
13 2 3 16 9 18 10 11 14 17 12 
1 8 15 3 11 
13 8 15 3 4 9 14 6 
7 2 3 14 6 
7 8 15 3 4 17 
7 8 15 3 5 18 10 12 6 
1 2 15 3 4 10 6 
1 2 3 14 
7 2 3 18 
13 8 15 3 
13 2 15 3 9 10 11 14 
13 8 15 3 4 12 
1 8 3 16 11 14 12 
13 2 15 3 16 10 
1 8 15 3 5 
1 2 3 9 10 11 6 
7 8 15 3 16 9 10 
13 2 3 16 4 18 17 12 
13 2 15 3 16 4 9 10 11 
7 8 15 3 9 12 6 
1 8 15 3 
7 8 3 9 18 11 
7 8 3 9 18 14 17 12 6 
7 8 3 16 4 14 
13 2 15 3 16 4 9 10 11 
13 8 3 4 12 
13 2 3 16 12 
7 2 3 5 12 
7 8 15 3 11 14 6 
1 2 3 16 10 6 
13 2 3 9 10 14 
7 8 15 3 4 
7 2 15 3 5 14 
7 2 15 3 17 
1 8 3 16 9 14 17 12 6 
13 2 3 16 5 12 
1 8 3 16 4 14 6 
13 8 3 16 18 10 17 12 6 
7 8 15 3 10 11 6 
1 8 3 9 18 11 14 6 
13 2 3 16 18 10 
13 2 3 18 10 11 
13 8 3 9 10 
13 2 15 3 16 9 
7 8 3 16 17 12 
13 8 3 10 11 6 
1 8 3 16 9 10 11 17 6 
13 8 15 3 18 14 17 12 6 
1 8 15 3 17 6 
7 2 3 9 6 
13 2 3 9 10 11 6 
13 2 3 4 5 9 10 11 6 
1 8 3 9 10 11 12 
13 8 15 3 18 14 
7 2 3 16 10 14 
13 8 15 3 18 17 
7 2 15 3 4 9 10 11 14 
1 2 3 4 9 18 10 11 17 6 
7 8 3 
13 8 15 3 4 6 
7 2 3 16 4 10 
13 2 15 3 5 
1 8 3 11 17 
1 8 15 3 14 17 6 
7 2 3 4 10 
13 2 15 3 4 18 11 14 
7 8 15 3 4 9 18 10 6 
13 2 3 16 9 14 17 
1 2 3 12 
13 8 3 5 10 
13 8 15 3 18 
13 8 3 5 14 6 
7 2 15 3 9 10 11 
1 2 3 16 11 12 
7 8 15 3 11 
7 2 3 16 9 12 6 
7 2 3 16 4 9 18 10 11 12 
7 8 15 3 16 10 14 6 
1 8 3 14 
7 2 3 10 
7 2 3 5 9 10 11 14 
7 8 3 16 18 12 
13 8 15 3 16 14 6 
7 8 3 4 5 9 14 12 
7 2 15 3 11 14 
13 8 3 11 
13 8 15 3 16 5 
13 2 15 3 9 10 11 
13 8 3 16 5 18 10 12 
1 2 3 
1 2 15 3 9 10 11 
13 8 3 16 5 12 
13 8 3 16 12 
13 2 3 
1 8 3 9 14 12 6 
1 8 15 3 16 5 10 11 14 12 6 
7 2 3 16 9 10 11 
1 2 3 16 10 
7 2 15 3 9 10 11 12 
7 2 15 3 16 4 17 
7 2 3 16 9 18 
13 2 3 9 10 11 12 6 
13 2 3 9 
1 8 3 9 12 
13 2 15 3 4 
7 8 15 3 16 14 6 
7 2 3 5 17 6 
